0.000000000000000000e+00 1.000000000000000056e-01 3.488409157755313572e+01
0.000000000000000000e+00 6.444444444444444864e-01 8.457827723484559357e+00
0.000000000000000000e+00 1.188888888888889106e+00 4.851462925943504700e+00
0.000000000000000000e+00 1.733333333333333615e+00 3.400728055317039367e+00
0.000000000000000000e+00 2.277777777777778123e+00 2.617747959782736444e+00
0.000000000000000000e+00 2.822222222222222410e+00 2.127783435984186955e+00
0.000000000000000000e+00 3.366666666666667140e+00 1.792290354084297599e+00
0.000000000000000000e+00 3.911111111111111871e+00 1.548177269759810848e+00
0.000000000000000000e+00 4.455555555555555713e+00 1.362585027466169052e+00
0.000000000000000000e+00 5.000000000000000000e+00 1.216723614289388467e+00
2.000000000000000000e+01 1.000000000000000056e-01 2.555553086722860101e+01
2.000000000000000000e+01 6.444444444444444864e-01 1.441143279019126453e+02
2.000000000000000000e+01 1.188888888888889106e+00 7.264445085675779978e+01
2.000000000000000000e+01 1.733333333333333615e+00 3.638418785249696441e+01
2.000000000000000000e+01 2.277777777777778123e+00 2.367767017755831560e+01
2.000000000000000000e+01 2.822222222222222410e+00 1.749306249230515320e+01
2.000000000000000000e+01 3.366666666666667140e+00 1.385831698676896195e+01
2.000000000000000000e+01 3.911111111111111871e+00 1.147057349930053505e+01
2.000000000000000000e+01 4.455555555555555713e+00 9.783336572878512882e+00
2.000000000000000000e+01 5.000000000000000000e+00 8.528214063377962617e+00
4.000000000000000000e+01 1.000000000000000056e-01 2.665820189466495549e+01
4.000000000000000000e+01 6.444444444444444864e-01 1.387931865147510848e+02
4.000000000000000000e+01 1.188888888888889106e+00 8.850576012717320395e+01
4.000000000000000000e+01 1.733333333333333615e+00 5.588383596560676381e+01
4.000000000000000000e+01 2.277777777777778123e+00 3.939584637398557732e+01
4.000000000000000000e+01 2.822222222222222410e+00 3.016210088173599146e+01
4.000000000000000000e+01 3.366666666666667140e+00 2.436618708054805538e+01
4.000000000000000000e+01 3.911111111111111871e+00 2.041454137286523363e+01
4.000000000000000000e+01 4.455555555555555713e+00 1.755556284064067896e+01
4.000000000000000000e+01 5.000000000000000000e+00 1.539409340430854911e+01
6.000000000000000000e+01 1.000000000000000056e-01 1.996509022257543009e+01
6.000000000000000000e+01 6.444444444444444864e-01 1.288505221137382932e+02
6.000000000000000000e+01 1.188888888888889106e+00 8.755303359794682194e+01
6.000000000000000000e+01 1.733333333333333615e+00 6.130372335190747179e+01
6.000000000000000000e+01 2.277777777777778123e+00 4.598057092785163746e+01
6.000000000000000000e+01 2.822222222222222410e+00 3.647341734802389368e+01
6.000000000000000000e+01 3.366666666666667140e+00 3.012173268501084777e+01
6.000000000000000000e+01 3.911111111111111871e+00 2.561370206612248523e+01
6.000000000000000000e+01 4.455555555555555713e+00 2.226095797198387061e+01
6.000000000000000000e+01 5.000000000000000000e+00 1.967503962463867140e+01
8.000000000000000000e+01 1.000000000000000056e-01 2.270401538864469160e+01
8.000000000000000000e+01 6.444444444444444864e-01 1.144806169717994351e+02
8.000000000000000000e+01 1.188888888888889106e+00 7.964063376972238473e+01
8.000000000000000000e+01 1.733333333333333615e+00 5.867625174354153472e+01
8.000000000000000000e+01 2.277777777777778123e+00 4.574853699748383917e+01
8.000000000000000000e+01 2.822222222222222410e+00 3.725926578997550820e+01
8.000000000000000000e+01 3.366666666666667140e+00 3.133979736285381534e+01
8.000000000000000000e+01 3.911111111111111871e+00 2.700498040160490376e+01
8.000000000000000000e+01 4.455555555555555713e+00 2.370486350971384226e+01
8.000000000000000000e+01 5.000000000000000000e+00 2.111350757406900058e+01
1.000000000000000000e+02 1.000000000000000056e-01 2.484868074325350307e+01
1.000000000000000000e+02 6.444444444444444864e-01 9.605586658248488163e+01
1.000000000000000000e+02 1.188888888888889106e+00 6.763966716345022689e+01
1.000000000000000000e+02 1.733333333333333615e+00 5.126207334056412179e+01
1.000000000000000000e+02 2.277777777777778123e+00 4.093241375166990537e+01
1.000000000000000000e+02 2.822222222222222410e+00 3.394090107683322088e+01
1.000000000000000000e+02 3.366666666666667140e+00 2.893573054671815825e+01
1.000000000000000000e+02 3.911111111111111871e+00 2.519171343775584404e+01
1.000000000000000000e+02 4.455555555555555713e+00 2.229247746971062227e+01
1.000000000000000000e+02 5.000000000000000000e+00 1.998440569674526301e+01
1.200000000000000000e+02 1.000000000000000056e-01 5.952059541923126318e+01
1.200000000000000000e+02 6.444444444444444864e-01 7.465527437637621233e+01
1.200000000000000000e+02 1.188888888888889106e+00 5.295651435725266509e+01
1.200000000000000000e+02 1.733333333333333615e+00 4.079956264259500642e+01
1.200000000000000000e+02 2.277777777777778123e+00 3.306008241624709854e+01
1.200000000000000000e+02 2.822222222222222410e+00 2.773686224395206068e+01
1.200000000000000000e+02 3.366666666666667140e+00 2.386637883821347472e+01
1.200000000000000000e+02 3.911111111111111871e+00 2.093190266087835738e+01
1.200000000000000000e+02 4.455555555555555713e+00 1.863358230323435905e+01
1.200000000000000000e+02 5.000000000000000000e+00 1.678632079585398174e+01
1.400000000000000000e+02 1.000000000000000056e-01 1.113002814507288889e+02
1.400000000000000000e+02 6.444444444444444864e-01 5.150657875649504547e+01
1.400000000000000000e+02 1.188888888888889106e+00 3.653990874888722118e+01
1.400000000000000000e+02 1.733333333333333615e+00 2.838868096879240710e+01
1.400000000000000000e+02 2.277777777777778123e+00 2.319529024900444725e+01
1.400000000000000000e+02 2.822222222222222410e+00 1.959755745746491939e+01
1.400000000000000000e+02 3.366666666666667140e+00 1.696029828176628129e+01
1.400000000000000000e+02 3.911111111111111871e+00 1.494551339256486955e+01
1.400000000000000000e+02 4.455555555555555713e+00 1.335679315948695667e+01
1.400000000000000000e+02 5.000000000000000000e+00 1.207230164590111166e+01
1.600000000000000000e+02 1.000000000000000056e-01 1.306590161333645881e+02
1.600000000000000000e+02 6.444444444444444864e-01 2.791693399002636156e+01
1.600000000000000000e+02 1.188888888888889106e+00 1.927894642534333158e+01
1.600000000000000000e+02 1.733333333333333615e+00 1.492478019743087714e+01
1.600000000000000000e+02 2.277777777777778123e+00 1.220382899781312247e+01
1.600000000000000000e+02 2.822222222222222410e+00 1.032898183601558273e+01
1.600000000000000000e+02 3.366666666666667140e+00 8.955729841677165126e+00
1.600000000000000000e+02 3.911111111111111871e+00 7.905654280795363142e+00
1.600000000000000000e+02 4.455555555555555713e+00 7.076370479833986593e+00
1.600000000000000000e+02 5.000000000000000000e+00 6.404738542049318362e+00
1.800000000000000000e+02 1.000000000000000056e-01 1.121684304022022474e+02
1.800000000000000000e+02 6.444444444444444864e-01 1.097846725007797453e+01
1.800000000000000000e+02 1.188888888888889106e+00 5.595958472320109678e+00
1.800000000000000000e+02 1.733333333333333615e+00 3.751350061330655628e+00
1.800000000000000000e+02 2.277777777777778123e+00 2.820860995701931273e+00
1.800000000000000000e+02 2.822222222222222410e+00 2.260111504382313896e+00
1.800000000000000000e+02 3.366666666666667140e+00 1.885287939428348825e+00
1.800000000000000000e+02 3.911111111111111871e+00 1.617089665329313419e+00
1.800000000000000000e+02 4.455555555555555713e+00 1.415687015545442407e+00
1.800000000000000000e+02 5.000000000000000000e+00 1.258891917951538542e+00
